 <pre>

 Contingency table for Cloud base (m)
 Selection: METCOOP    236 stations
Period: 20240610-20240629
Used {00,06,12,18} + 01 02 ... 12
 Limits    70.0000000       150.000000       300.000000       600.000000       1000.00000       1500.00000       2500.00000       5000.00000    
 Each class is data <= limit, the very last > last limit
 Total number of values      171102
                                                       OBSERVATION
                                    621      484      301       69       26       37      108      110      615 |      2371
                                    188      501      419      125       36       32       31       11       80 |      1423
                                    144      655     1270      540      150       85       96       28      131 |      3099
                                    156      492     1753     2419     1145      481      373      132      383 |      7334
                          prod      115      240      820     1822     3193     1810     1116      379      996 |     10491
                                    134      210      579     1142     2189     5700     4227     1230     2355 |     17766
                                    181      213      516      763     1038     3058     9357     3266     4441 |     22833
                                    121      116      269      433      635     1095     3141     5251     1658 |     12719
                                   1067      668     1337     2305     2949     5564    10817     7949    60410 |     93066

                    SUM            2727     3579     7264     9618    11361    17862    29266    18356    71069 |    171102
                                                       OBSERVATION
                                    359      409      337      153       53       76      136       78      522 |      2123
                                    116      352      430      196       72       44       44       21       37 |      1312
                                    118      453      887      473      211      118       87       50      120 |      2517
                                    118      468     1493     2148     1118      510      347      130      346 |      6678
                     preop2_1h      122      254      859     1768     2941     1768     1031      387      884 |     10014
                                    183      256      630     1195     2175     5429     4155     1181     2235 |     17439
                                    252      286      599      859     1242     3151     9239     3708     4513 |     23849
                                    181      146      316      470      619     1223     3622     5445     2185 |     14207
                                   1278      955     1713     2356     2930     5543    10605     7356    60227 |     92963

                    SUM            2727     3579     7264     9618    11361    17862    29266    18356    71069 |    171102
                                                       OBSERVATION
                                    408      329      186       55       13       22       83       75      504 |      1675
                                    133      410      314      126       27       31       34       13       59 |      1147
                                    128      561     1070      466      157       86      104       34       83 |      2689
                                    119      440     1572     2299     1235      485      417      130      336 |      7033
                     preop2_3h       99      268      865     1782     2978     1871     1046      346      976 |     10231
                                    179      239      577     1231     2354     5842     4400     1253     2543 |     18618
                                    291      292      629      863     1175     3297     9659     3746     4872 |     24824
                                    176      167      348      501      622     1101     3599     5200     1909 |     13623
                                   1194      873     1703     2295     2800     5127     9924     7559    59787 |     91262

                    SUM            2727     3579     7264     9618    11361    17862    29266    18356    71069 |    171102
                                                       OBSERVATION
                                    508      353      190       62       14       32       94       89      509 |      1851
                                    132      352      317      112       31       19       20       13       45 |      1041
                                    123      527      962      423      111       68       60       25       77 |      2376
                                    140      459     1572     2197     1038      382      319       93      269 |      6469
                    preop2_B3h      100      273      874     1855     2956     1544      918      275      816 |      9611
                                    135      244      613     1136     2468     5731     3770     1124     1986 |     17207
                                    255      322      618      864     1159     3432     9629     3190     3881 |     23350
                                    148      146      305      458      603     1130     3463     4963     1501 |     12717
                                   1186      903     1813     2511     2981     5524    10993     8584    61985 |     96480

                    SUM            2727     3579     7264     9618    11361    17862    29266    18356    71069 |    171102

