 <pre>

 Contingency table for Rh2m (%)
 Selection: METCOOP    522 stations
Period: 20240610-20240629
Used {00,06,12,18} + 00 01 ... 12
 Limits    30.0000000       50.0000000       65.0000000       75.0000000       85.0000000       95.0000000       100.000000    
 Each class is data <= limit, the very last > last limit
 Total number of values      525372
                                              OBSERVATION
                                    158      195        0        1        0        0        0        0 |       354
                                   1192    32558     8150      583      139       46        6        0 |     42674
                                    113    21017    56141    15630     4165     1184      184        0 |     98434
                          prod       18     2412    26536    38324    20039     5769     1028        0 |     94126
                                      5      625     8300    25761    47056    25366     4476        0 |    111589
                                      2      218     2567     8733    29831    61161    21375        0 |    123887
                                      4       18      321     1142     5304    19630    26033        0 |     52452
                                      0        0        0       11      103      419     1323        0 |      1856

                    SUM            1492    57043   102015    90185   106637   113575    54425        0 |    525372
                                              OBSERVATION
                                    198      255        2        1        0        0        0        0 |       456
                                   1090    30672     7143      723      158       46        6        0 |     39838
                                    169    21612    54699    15186     4329     1387      242        0 |     97624
                     preop2_1h       28     3011    25972    37127    20015     5984     1125        0 |     93262
                                      1     1028     9744    25164    45737    26748     5019        0 |    113441
                                      2      414     3706     9961    29508    58410    21283        0 |    123284
                                      4       51      743     1995     6730    20494    25763        0 |     55780
                                      0        0        6       28      160      506      987        0 |      1687

                    SUM            1492    57043   102015    90185   106637   113575    54425        0 |    525372
                                              OBSERVATION
                                    197      356        6        0        0        0        0        0 |       559
                                   1134    31457     9002      753      189       67       12        0 |     42614
                                    133    21324    53968    16223     4578     1363      236        0 |     97825
                     preop2_3h       17     2808    26775    37325    20337     6077     1102        0 |     94441
                                      4      784     8900    25451    46453    26836     4946        0 |    113374
                                      3      287     2980     9039    29570    59924    22209        0 |    124012
                                      4       27      383     1377     5403    18935    24904        0 |     51033
                                      0        0        1       17      107      373     1016        0 |      1514

                    SUM            1492    57043   102015    90185   106637   113575    54425        0 |    525372
                                              OBSERVATION
                                    305      759       13        1        0        0        0        0 |      1078
                                   1063    34707    12964     1186      282      116       22        0 |     50340
                                    104    18534    55362    19622     5929     1805      303        0 |    101659
                    preop2_B3h       14     2243    23856    36990    22205     7099     1309        0 |     93716
                                      0      581     7362    23711    46178    28233     5291        0 |    111356
                                      2      201     2217     7674    27240    58568    22803        0 |    118705
                                      4       18      241      984     4711    17441    23730        0 |     47129
                                      0        0        0       17       92      313      967        0 |      1389

                    SUM            1492    57043   102015    90185   106637   113575    54425        0 |    525372

