 <pre>

 Contingency table for Cloud cover (octas)
 Selection: METCOOP     36 stations
Period: 20240610-20240629
Used {00,06,12,18} + 01 02 ... 12
 Limits   0.500000000       1.50000000       2.50000000       3.50000000       4.50000000       5.50000000       6.50000000       7.50000000    
 Each class is data <= limit, the very last > last limit
 Total number of values       10359
                                                       OBSERVATION
                                    783      301      169      118       81       42       38       54       79 |      1665
                                    148       65       50       64       52       48       55       46       42 |       570
                                     70       31       37       36       29       39       45       48       48 |       383
                                     63       20       27       30       31       35       42       47       61 |       356
                          prod       55       19       26       40       32       38       40       49       50 |       349
                                     64       20       24       27       28       44       37       50       67 |       361
                                     66       29       23       40       36       54       47       84      107 |       486
                                     57       18       30       38       47       50      105      142      184 |       671
                                     98       65      102      104      156      221      479     1181     3112 |      5518

                    SUM            1404      568      488      497      492      571      888     1701     3750 |     10359
                                                       OBSERVATION
                                    725      301      166      106       78       53       47       67       73 |      1616
                                    189       68       54       68       46       48       58       64       53 |       648
                                     80       44       33       36       33       36       36       37       62 |       397
                                     58       16       25       34       23       40       37       42       52 |       327
                     preop2_1h       59       20       28       35       33       23       33       60       66 |       357
                                     54       16       21       26       28       29       50       48       52 |       324
                                     41       16       27       40       37       44       52       74       81 |       412
                                     68       18       31       45       43       47       73      162      202 |       689
                                    130       69      103      107      171      251      502     1147     3109 |      5589

                    SUM            1404      568      488      497      492      571      888     1701     3750 |     10359
                                                       OBSERVATION
                                    804      298      161      112       71       53       50       65       75 |      1689
                                    139       70       63       62       38       53       51       61       69 |       606
                                     75       40       42       45       43       38       40       39       60 |       422
                                     71       14       26       31       40       28       48       47       62 |       367
                     preop2_3h       56       16       22       32       34       35       31       52       65 |       343
                                     48       28       25       32       36       35       42       57       68 |       371
                                     45       13       25       30       27       42       48       84      110 |       424
                                     62       19       34       46       40       63       97      145      247 |       753
                                    104       70       90      107      163      224      481     1151     2994 |      5384

                    SUM            1404      568      488      497      492      571      888     1701     3750 |     10359
                                                       OBSERVATION
                                    799      297      168      122       80       58       57       74       83 |      1738
                                    158       67       56       65       51       55       48       56       55 |       611
                                     71       43       37       48       38       39       38       53       59 |       426
                                     61       16       21       40       33       36       47       42       54 |       350
                    preop2_B3h       56       26       27       29       38       30       50       53       55 |       364
                                     53       15       31       26       33       40       54       76       89 |       417
                                     52       21       22       38       37       43       59       95      139 |       506
                                     62       25       34       46       48       56       88      148      210 |       717
                                     92       58       92       83      134      214      447     1104     3006 |      5230

                    SUM            1404      568      488      497      492      571      888     1701     3750 |     10359

