 <pre>

 Contingency table for Visibility (m)
 Selection: METCOOP    270 stations
Period: 20240610-20240629
Used {00,06,12,18} + 00 01 ... 12
 Limits    1000.00000       5000.00000       10000.0000       20000.0000    
 Each class is data <= limit, the very last > last limit
 Total number of values      248166
                                     OBSERVATION
                                    595      352      375      644     1039 |      3005
                                    466      943     1329     1974     2959 |      7671
                          prod      620      978     1754     3671     8629 |     15652
                                    627      962     2029     6357    32621 |     42596
                                    635     1497     3331    19607   154172 |    179242

                    SUM            2943     4732     8818    32253   199420 |    248166
                                     OBSERVATION
                                    361      277      368      666     1024 |      2696
                                    495      966     1419     2402     3971 |      9253
                     preop2_1h      625      994     1724     3879     9197 |     16419
                                    671      944     1984     6699    34335 |     44633
                                    791     1551     3323    18607   150893 |    175165

                    SUM            2943     4732     8818    32253   199420 |    248166
                                     OBSERVATION
                                    396      271      283      495      889 |      2334
                                    506      903     1261     1896     2831 |      7397
                     preop2_3h      590      972     1828     3633     8505 |     15528
                                    708      973     2033     6285    31880 |     41879
                                    743     1613     3413    19944   155315 |    181028

                    SUM            2943     4732     8818    32253   199420 |    248166
                                     OBSERVATION
                                    503      292      303      494      885 |      2477
                                    433      812     1187     1686     2503 |      6621
                    preop2_B3h      598      933     1718     3344     7384 |     13977
                                    674     1035     2086     6142    29445 |     39382
                                    735     1660     3524    20587   159203 |    185709

                    SUM            2943     4732     8818    32253   199420 |    248166

