 <pre>

 Contingency table for Low clouds (octas)
 Selection: METCOOP    235 stations
Period: 20240610-20240629
Used {00,06,12,18} + 01 02 ... 12
 Limits    1.00000000       2.00000000       3.00000000       4.00000000       5.00000000       6.00000000       7.00000000    
 Each class is data <= limit, the very last > last limit
 Total number of values      178879
                                              OBSERVATION
                                  85338     3340     2758     1940     1642     1379     2028     2824 |    101249
                                   5563      737      627      480      447      383      660      793 |      9690
                                   3629      553      564      411      408      349      544      615 |      7073
                          prod     3100      559      502      396      404      347      542      649 |      6499
                                   2732      581      570      425      437      332      599      644 |      6320
                                   2553      645      610      464      486      384      717      746 |      6605
                                   2892      746      749      629      668      477     1104     1270 |      8535
                                   6535     2554     2459     2186     2392     2104     5188     9490 |     32908

                    SUM          112342     9715     8839     6931     6884     5755    11382    17031 |    178879
                                              OBSERVATION
                                  86149     3433     2885     2004     1842     1493     2362     3553 |    103721
                                   5385      760      646      473      450      381      674      785 |      9554
                                   3493      597      506      405      399      306      581      655 |      6942
                     preop2_1h     3040      506      513      417      384      326      633      625 |      6444
                                   2597      538      538      425      432      359      550      680 |      6119
                                   2510      571      604      469      475      344      697      829 |      6499
                                   2927      768      720      575      604      487     1006     1143 |      8230
                                   6241     2542     2427     2163     2298     2059     4879     8761 |     31370

                    SUM          112342     9715     8839     6931     6884     5755    11382    17031 |    178879
                                              OBSERVATION
                                  84816     3303     2742     1904     1710     1479     2298     3537 |    101789
                                   5776      708      643      497      464      375      611      811 |      9885
                                   3654      560      514      394      413      321      532      648 |      7036
                     preop2_3h     3089      550      492      418      381      317      539      592 |      6378
                                   2785      564      545      450      408      330      605      628 |      6315
                                   2688      599      592      464      488      387      702      782 |      6702
                                   3039      793      783      611      626      499     1017     1274 |      8642
                                   6495     2638     2528     2193     2394     2047     5078     8759 |     32132

                    SUM          112342     9715     8839     6931     6884     5755    11382    17031 |    178879
                                              OBSERVATION
                                  88793     3548     2985     2099     1906     1602     2477     3620 |    107030
                                   4979      697      661      540      486      382      679      838 |      9262
                                   3183      511      492      405      382      323      584      632 |      6512
                    preop2_B3h     2796      532      498      391      403      313      546      643 |      6122
                                   2370      581      563      411      436      320      597      695 |      5973
                                   2286      619      599      466      439      395      767      820 |      6391
                                   2621      787      753      607      634      499     1040     1279 |      8220
                                   5314     2440     2288     2012     2198     1921     4692     8504 |     29369

                    SUM          112342     9715     8839     6931     6884     5755    11382    17031 |    178879

